# Created by Octave 5.1.0, Sat Feb 08 12:24:30 2020 GMT <unknown@Dell>
# name: pred
# type: bool matrix
# rows: 418
# columns: 1
 0
 0
 0
 0
 0
 0
 1
 0
 1
 0
 0
 0
 1
 0
 1
 1
 0
 0
 0
 0
 1
 1
 1
 1
 1
 0
 1
 0
 0
 0
 0
 0
 0
 0
 1
 0
 0
 1
 0
 0
 0
 0
 0
 1
 1
 0
 0
 0
 1
 0
 0
 0
 1
 1
 0
 0
 0
 0
 0
 1
 0
 0
 0
 1
 1
 1
 1
 0
 0
 1
 1
 0
 0
 0
 1
 0
 0
 1
 0
 1
 1
 0
 0
 0
 0
 0
 1
 1
 1
 1
 0
 0
 1
 0
 1
 0
 1
 0
 1
 0
 1
 0
 0
 0
 1
 0
 0
 0
 0
 0
 0
 1
 1
 1
 1
 0
 0
 1
 0
 1
 1
 0
 1
 0
 0
 1
 0
 1
 0
 0
 0
 0
 0
 0
 0
 0
 0
 0
 1
 0
 0
 1
 0
 0
 0
 0
 0
 0
 0
 0
 1
 0
 0
 0
 0
 0
 1
 1
 0
 1
 1
 1
 1
 0
 0
 0
 0
 0
 1
 1
 0
 0
 0
 0
 0
 1
 1
 1
 1
 1
 0
 1
 1
 0
 1
 0
 1
 0
 0
 0
 0
 0
 0
 0
 1
 0
 1
 1
 0
 0
 1
 1
 1
 1
 0
 0
 1
 0
 1
 0
 0
 0
 0
 1
 0
 0
 1
 0
 1
 0
 1
 0
 1
 0
 1
 1
 0
 1
 0
 0
 0
 1
 0
 0
 1
 0
 1
 0
 1
 1
 1
 1
 0
 0
 0
 0
 1
 0
 1
 1
 1
 0
 1
 0
 0
 0
 0
 0
 1
 0
 0
 0
 1
 1
 0
 0
 0
 0
 0
 0
 0
 0
 1
 1
 0
 1
 0
 0
 0
 0
 1
 1
 1
 1
 1
 0
 0
 0
 0
 0
 0
 1
 0
 0
 0
 0
 1
 0
 0
 0
 0
 0
 0
 0
 1
 1
 1
 1
 0
 0
 0
 0
 0
 1
 1
 1
 1
 0
 0
 0
 0
 0
 0
 0
 1
 0
 1
 0
 0
 0
 1
 0
 0
 1
 0
 0
 0
 0
 0
 0
 0
 0
 0
 1
 0
 1
 0
 0
 0
 1
 1
 0
 0
 0
 1
 0
 1
 0
 0
 0
 0
 1
 1
 0
 1
 0
 0
 1
 1
 0
 0
 1
 0
 0
 1
 1
 0
 0
 0
 0
 0
 0
 0
 0
 0
 1
 0
 0
 0
 0
 0
 1
 1
 0
 0
 1
 0
 1
 0
 0
 1
 0
 1
 0
 1
 0
 0
 0
 1
 1
 1
 1
 0
 0
 1
 0
 0
 0


